[5.226388888888889, 6.818027210884354, 39]
[5.347222222222222, 4.292517006802721, 37]
[4.6375, 2.802721088435374, 31]
[8.3875, 2.7925170068027207, 36]
[10.283333333333335, 2.768707482993197, 35]
[7.291666666666666, 2.6020408163265305, 27]
[7.95, 2.578231292517007, 27]
[7.883333333333333, 2.2380952380952377, 28]
[10.554166666666665, 3.068027210884354, 37]
[4.416666666666666, 2.9353741496598635, 27]
[6.379166666666666, 2.8010204081632653, 29]
[2.2175000000000002, 5.030612244897959, 40]
[5.466666666666667, 2.5816326530612246, 25]
[7.958333333333333, 3.3877551020408165, 25]
[6.716666666666667, 2.270408163265306, 24]
[9.033333333333335, 2.663265306122449, 24]
[7.95, 2.5510204081632653, 29]
[8.05, 2.163265306122449, 30]
[7.675, 2.9591836734693877, 30]
[9.45, 2.5884353741496597, 29]
[7.45, 0.969387755102041, 37]
[10.525, 1.4387755102040816, 37]
[6.375, 1.074829931972789, 38]
[10.0, 1.0527210884353742, 34]
[9.95, 1.0119047619047619, 37]
[7.725, 1.0578231292517006, 38]
[6.15, 0.8843537414965987, 37]
[3.8, 0.7414965986394557, 41]
[12.175, 1.605442176870748, 35]
[12.0, 1.1156462585034013, 32]
[7.65, 0.9, 39]
[12.1, 1.5, 32]
[6.25, 0.8204081632653061, 37]
[8.675, 1.1734693877551021, 36]
[11.625, 0.6802721088435375, 34]
[11.15, 0.8659863945578231, 33]
[8.6, 0.9965986394557823, 35]
[10.925, 1.445578231292517, 35]
[9.9, 1.0731292517006803, 36]
[3.9916666666666663, 1.2312925170068028, 42]
[10.647222222222222, 7.138435374149659, 55]
[8.428472222222222, 7.989795918367347, 51]
[7.105357142857143, 5.727210884353742, 51]
[13.419444444444446, 9.588435374149661, 47]
[8.775, 2.942176870748299, 32]
[11.575, 3.6122448979591835, 39]
[10.389583333333333, 4.129251700680272, 44]
[8.206944444444444, 4.255102040816326, 47]
[8.91875, 6.112244897959184, 50]
[7.637083333333334, 5.394557823129253, 42]
[8.541666666666666, 3.3843537414965983, 41]
[11.116666666666665, 3.4442176870748296, 46]
[9.991428571428571, 5.547619047619048, 45]
[9.863888888888889, 6.739795918367347, 33]
[6.9416666666666655, 3.0527210884353737, 33]
[5.4523809523809526, 4.489795918367347, 38]
[12.5, 3.2976190476190474, 39]
[9.613888888888889, 5.767006802721089, 38]
[13.17083333333333, 3.9384353741496603, 42]
[6.7041666666666675, 3.739795918367346, 41]
[9.083333333333334, 4.375510204081633, 50]
[7.241666666666667, 2.0850340136054424, 45]
[9.970833333333335, 2.2891156462585034, 41]
[8.691666666666666, 1.6853741496598642, 44]
[6.183333333333334, 1.4829931972789114, 48]
[5.058333333333334, 1.4289115646258503, 49]
[11.4125, 4.4421768707483, 44]
[10.33125, 4.025510204081633, 46]
[10.639880952380953, 5.768707482993197, 53]
[12.647916666666667, 2.1112244897959185, 48]
[10.695833333333335, 1.3622448979591837, 40]
[7.808333333333333, 1.9251700680272108, 48]
[11.3875, 1.6683673469387754, 44]
[7.43125, 5.370748299319728, 53]
[10.4, 2.0595238095238093, 43]
[8.4, 1.0442176870748299, 40]
[6.858333333333334, 3.4761904761904763, 52]
[13.033333333333331, 3.0408163265306123, 50]
[7.127777777777777, 1.6020408163265305, 41]
[9.95357142857143, 4.741496598639456, 52]
[3.531666666666667, 2.4727891156462585, 41]
[12.799444444444443, 6.974489795918367, 51]
[11.994444444444444, 5.42517006802721, 44]
[11.830555555555554, 4.775510204081633, 46]
[7.491666666666665, 3.8469387755102034, 41]
[11.0975, 6.498299319727891, 48]
[5.4399999999999995, 4.687074829931973, 37]
[8.098809523809525, 3.3979591836734695, 42]
[4.929166666666667, 6.459183673469388, 38]
[7.475, 6.438775510204081, 43]
[3.959166666666667, 3.17687074829932, 36]
[5.7041666666666675, 2.9183673469387754, 34]
[5.7138888888888895, 8.180272108843537, 41]
[7.7444444444444445, 4.170068027210885, 38]
[6.013888888888888, 5.578231292517008, 42]
[5.196111111111112, 5.707482993197278, 46]
[3.041666666666667, 5.51360544217687, 36]
[6.710416666666667, 6.384353741496599, 42]
[8.643333333333334, 2.1768707482993195, 33]
[8.049722222222222, 4.738095238095238, 40]
[9.4, 1.1003401360544218, 37]
[7.9, 1.1343537414965985, 38]
[4.05, 1.0935374149659862, 41]
[5.05, 1.3027210884353742, 39]
[7.925, 1.4183673469387754, 39]
[7.8, 1.1870748299319729, 37]
[8.5, 1.2244897959183674, 38]
[10.65, 1.6938775510204083, 37]
[10.575, 0.8928571428571429, 39]
[8.608333333333333, 1.4370748299319729, 40]
[7.75, 1.0459183673469388, 37]
[15.525, 1.0000000000000002, 31]
[11.675, 0.9081632653061225, 35]
[9.925, 1.816326530612245, 39]
[11.75, 1.3551020408163266, 35]
[5.65, 1.3673469387755102, 44]
[10.55, 1.0765306122448979, 36]
[4.558333333333334, 5.13265306122449, 44]
[10.3, 1.3129251700680273, 35]
[9.241666666666667, 1.126530612244898, 38]